{
 "cells": [
  {
   "cell_type": "code",
   "execution_count": 1,
   "id": "d57462a7-55ab-4b8d-ad3f-1b057fd7a169",
   "metadata": {
    "scrolled": true
   },
   "outputs": [],
   "source": [
    "import numpy as np\n",
    "import pandas as pd\n",
    "from mcda.dataset import MCDADataset\n",
    "\n",
    "\n",
    "original_data = MCDADataset.read_csv(\"./data/building/dataset.csv\")\n",
    "df = original_data.data\n",
    "\n",
    "covariance_matrix = df.cov()\n",
    "means = df.mean()\n",
    "\n",
    "rng = np.random.default_rng(42)\n",
    "num_samples = df.shape[0]\n",
    "\n",
    "synthetic_data = rng.multivariate_normal(mean=means, cov=covariance_matrix, size=30)\n",
    "\n",
    "synthetic_data_df = pd.DataFrame(synthetic_data, columns=df.columns).map(lambda x: f\"{x:.4f}\").astype(np.float64)\n",
    "\n",
    "synthethic_dataset = MCDADataset(synthetic_data_df, original_data.criteria)\n",
    "synthethic_dataset.write_csv(\"./data/building/dataset_synthetic1.csv\")"
   ]
  },
  {
   "cell_type": "code",
   "execution_count": 2,
   "id": "6442164f-6854-4488-ba53-d719feb4d59d",
   "metadata": {
    "scrolled": true
   },
   "outputs": [
    {
     "data": {
      "text/html": [
       "<div>\n",
       "<style scoped>\n",
       "    .dataframe tbody tr th:only-of-type {\n",
       "        vertical-align: middle;\n",
       "    }\n",
       "\n",
       "    .dataframe tbody tr th {\n",
       "        vertical-align: top;\n",
       "    }\n",
       "\n",
       "    .dataframe thead th {\n",
       "        text-align: right;\n",
       "    }\n",
       "</style>\n",
       "<table border=\"1\" class=\"dataframe\">\n",
       "  <thead>\n",
       "    <tr style=\"text-align: right;\">\n",
       "      <th></th>\n",
       "      <th>x1</th>\n",
       "      <th>x2</th>\n",
       "      <th>x3</th>\n",
       "      <th>x4</th>\n",
       "      <th>x5</th>\n",
       "      <th>x6</th>\n",
       "      <th>x7</th>\n",
       "      <th>x8</th>\n",
       "      <th>x9</th>\n",
       "      <th>x10</th>\n",
       "    </tr>\n",
       "  </thead>\n",
       "  <tbody>\n",
       "    <tr>\n",
       "      <th>A1</th>\n",
       "      <td>-0.0058</td>\n",
       "      <td>-0.0036</td>\n",
       "      <td>-0.0028</td>\n",
       "      <td>-0.0217</td>\n",
       "      <td>-0.0070</td>\n",
       "      <td>-0.0287</td>\n",
       "      <td>-0.0186</td>\n",
       "      <td>-0.0033</td>\n",
       "      <td>-0.0550</td>\n",
       "      <td>-0.0300</td>\n",
       "    </tr>\n",
       "    <tr>\n",
       "      <th>A2</th>\n",
       "      <td>-0.0076</td>\n",
       "      <td>-0.0047</td>\n",
       "      <td>-0.0037</td>\n",
       "      <td>-0.0192</td>\n",
       "      <td>-0.0070</td>\n",
       "      <td>-0.0147</td>\n",
       "      <td>-0.0190</td>\n",
       "      <td>-0.0033</td>\n",
       "      <td>-0.0218</td>\n",
       "      <td>-0.0265</td>\n",
       "    </tr>\n",
       "    <tr>\n",
       "      <th>A3</th>\n",
       "      <td>-0.0065</td>\n",
       "      <td>-0.0040</td>\n",
       "      <td>-0.0032</td>\n",
       "      <td>-0.0241</td>\n",
       "      <td>-0.0070</td>\n",
       "      <td>-0.0030</td>\n",
       "      <td>-0.0192</td>\n",
       "      <td>-0.0033</td>\n",
       "      <td>-0.0145</td>\n",
       "      <td>-0.0332</td>\n",
       "    </tr>\n",
       "    <tr>\n",
       "      <th>A4</th>\n",
       "      <td>-0.0083</td>\n",
       "      <td>-0.0051</td>\n",
       "      <td>-0.0040</td>\n",
       "      <td>-0.0199</td>\n",
       "      <td>-0.0070</td>\n",
       "      <td>-0.0025</td>\n",
       "      <td>-0.0199</td>\n",
       "      <td>-0.0033</td>\n",
       "      <td>-0.0184</td>\n",
       "      <td>-0.0275</td>\n",
       "    </tr>\n",
       "    <tr>\n",
       "      <th>A5</th>\n",
       "      <td>-0.0055</td>\n",
       "      <td>-0.0031</td>\n",
       "      <td>-0.0023</td>\n",
       "      <td>-0.0161</td>\n",
       "      <td>-0.0083</td>\n",
       "      <td>-0.0212</td>\n",
       "      <td>-0.0155</td>\n",
       "      <td>-0.0040</td>\n",
       "      <td>-0.0550</td>\n",
       "      <td>-0.0222</td>\n",
       "    </tr>\n",
       "    <tr>\n",
       "      <th>A6</th>\n",
       "      <td>-0.0072</td>\n",
       "      <td>-0.0040</td>\n",
       "      <td>-0.0030</td>\n",
       "      <td>-0.0140</td>\n",
       "      <td>-0.0083</td>\n",
       "      <td>-0.0108</td>\n",
       "      <td>-0.0158</td>\n",
       "      <td>-0.0040</td>\n",
       "      <td>-0.0218</td>\n",
       "      <td>-0.0205</td>\n",
       "    </tr>\n",
       "    <tr>\n",
       "      <th>A7</th>\n",
       "      <td>-0.0062</td>\n",
       "      <td>-0.0035</td>\n",
       "      <td>-0.0026</td>\n",
       "      <td>-0.0175</td>\n",
       "      <td>-0.0083</td>\n",
       "      <td>-0.0022</td>\n",
       "      <td>-0.0160</td>\n",
       "      <td>-0.0039</td>\n",
       "      <td>-0.0145</td>\n",
       "      <td>-0.0241</td>\n",
       "    </tr>\n",
       "    <tr>\n",
       "      <th>A8</th>\n",
       "      <td>-0.0079</td>\n",
       "      <td>-0.0044</td>\n",
       "      <td>-0.0033</td>\n",
       "      <td>-0.0152</td>\n",
       "      <td>-0.0083</td>\n",
       "      <td>-0.0019</td>\n",
       "      <td>-0.0166</td>\n",
       "      <td>-0.0039</td>\n",
       "      <td>-0.0184</td>\n",
       "      <td>-0.0210</td>\n",
       "    </tr>\n",
       "  </tbody>\n",
       "</table>\n",
       "</div>"
      ],
      "text/plain": [
       "        x1      x2      x3      x4      x5      x6      x7      x8      x9  \\\n",
       "A1 -0.0058 -0.0036 -0.0028 -0.0217 -0.0070 -0.0287 -0.0186 -0.0033 -0.0550   \n",
       "A2 -0.0076 -0.0047 -0.0037 -0.0192 -0.0070 -0.0147 -0.0190 -0.0033 -0.0218   \n",
       "A3 -0.0065 -0.0040 -0.0032 -0.0241 -0.0070 -0.0030 -0.0192 -0.0033 -0.0145   \n",
       "A4 -0.0083 -0.0051 -0.0040 -0.0199 -0.0070 -0.0025 -0.0199 -0.0033 -0.0184   \n",
       "A5 -0.0055 -0.0031 -0.0023 -0.0161 -0.0083 -0.0212 -0.0155 -0.0040 -0.0550   \n",
       "A6 -0.0072 -0.0040 -0.0030 -0.0140 -0.0083 -0.0108 -0.0158 -0.0040 -0.0218   \n",
       "A7 -0.0062 -0.0035 -0.0026 -0.0175 -0.0083 -0.0022 -0.0160 -0.0039 -0.0145   \n",
       "A8 -0.0079 -0.0044 -0.0033 -0.0152 -0.0083 -0.0019 -0.0166 -0.0039 -0.0184   \n",
       "\n",
       "       x10  \n",
       "A1 -0.0300  \n",
       "A2 -0.0265  \n",
       "A3 -0.0332  \n",
       "A4 -0.0275  \n",
       "A5 -0.0222  \n",
       "A6 -0.0205  \n",
       "A7 -0.0241  \n",
       "A8 -0.0210  "
      ]
     },
     "execution_count": 2,
     "metadata": {},
     "output_type": "execute_result"
    }
   ],
   "source": [
    "original_data.data"
   ]
  },
  {
   "cell_type": "code",
   "execution_count": 3,
   "id": "14429b5c-cd34-4ed2-ae80-aac39168df46",
   "metadata": {
    "scrolled": true
   },
   "outputs": [
    {
     "data": {
      "text/html": [
       "<div>\n",
       "<style scoped>\n",
       "    .dataframe tbody tr th:only-of-type {\n",
       "        vertical-align: middle;\n",
       "    }\n",
       "\n",
       "    .dataframe tbody tr th {\n",
       "        vertical-align: top;\n",
       "    }\n",
       "\n",
       "    .dataframe thead th {\n",
       "        text-align: right;\n",
       "    }\n",
       "</style>\n",
       "<table border=\"1\" class=\"dataframe\">\n",
       "  <thead>\n",
       "    <tr style=\"text-align: right;\">\n",
       "      <th></th>\n",
       "      <th>x1</th>\n",
       "      <th>x2</th>\n",
       "      <th>x3</th>\n",
       "      <th>x4</th>\n",
       "      <th>x5</th>\n",
       "      <th>x6</th>\n",
       "      <th>x7</th>\n",
       "      <th>x8</th>\n",
       "      <th>x9</th>\n",
       "      <th>x10</th>\n",
       "    </tr>\n",
       "  </thead>\n",
       "  <tbody>\n",
       "    <tr>\n",
       "      <th>0</th>\n",
       "      <td>-0.0076</td>\n",
       "      <td>-0.0049</td>\n",
       "      <td>-0.0039</td>\n",
       "      <td>-0.0216</td>\n",
       "      <td>-0.0066</td>\n",
       "      <td>-0.0108</td>\n",
       "      <td>-0.0203</td>\n",
       "      <td>-0.0031</td>\n",
       "      <td>-0.0205</td>\n",
       "      <td>-0.0294</td>\n",
       "    </tr>\n",
       "    <tr>\n",
       "      <th>1</th>\n",
       "      <td>-0.0083</td>\n",
       "      <td>-0.0048</td>\n",
       "      <td>-0.0037</td>\n",
       "      <td>-0.0155</td>\n",
       "      <td>-0.0079</td>\n",
       "      <td>-0.0014</td>\n",
       "      <td>-0.0177</td>\n",
       "      <td>-0.0037</td>\n",
       "      <td>-0.0128</td>\n",
       "      <td>-0.0219</td>\n",
       "    </tr>\n",
       "    <tr>\n",
       "      <th>2</th>\n",
       "      <td>-0.0068</td>\n",
       "      <td>-0.0042</td>\n",
       "      <td>-0.0032</td>\n",
       "      <td>-0.0202</td>\n",
       "      <td>-0.0071</td>\n",
       "      <td>-0.0167</td>\n",
       "      <td>-0.0186</td>\n",
       "      <td>-0.0034</td>\n",
       "      <td>-0.0282</td>\n",
       "      <td>-0.0280</td>\n",
       "    </tr>\n",
       "    <tr>\n",
       "      <th>3</th>\n",
       "      <td>-0.0077</td>\n",
       "      <td>-0.0044</td>\n",
       "      <td>-0.0034</td>\n",
       "      <td>-0.0200</td>\n",
       "      <td>-0.0078</td>\n",
       "      <td>0.0112</td>\n",
       "      <td>-0.0179</td>\n",
       "      <td>-0.0036</td>\n",
       "      <td>0.0088</td>\n",
       "      <td>-0.0278</td>\n",
       "    </tr>\n",
       "    <tr>\n",
       "      <th>4</th>\n",
       "      <td>-0.0075</td>\n",
       "      <td>-0.0043</td>\n",
       "      <td>-0.0032</td>\n",
       "      <td>-0.0169</td>\n",
       "      <td>-0.0081</td>\n",
       "      <td>-0.0009</td>\n",
       "      <td>-0.0171</td>\n",
       "      <td>-0.0038</td>\n",
       "      <td>-0.0161</td>\n",
       "      <td>-0.0235</td>\n",
       "    </tr>\n",
       "    <tr>\n",
       "      <th>5</th>\n",
       "      <td>-0.0065</td>\n",
       "      <td>-0.0037</td>\n",
       "      <td>-0.0028</td>\n",
       "      <td>-0.0172</td>\n",
       "      <td>-0.0083</td>\n",
       "      <td>-0.0029</td>\n",
       "      <td>-0.0164</td>\n",
       "      <td>-0.0039</td>\n",
       "      <td>-0.0252</td>\n",
       "      <td>-0.0236</td>\n",
       "    </tr>\n",
       "    <tr>\n",
       "      <th>6</th>\n",
       "      <td>-0.0063</td>\n",
       "      <td>-0.0038</td>\n",
       "      <td>-0.0029</td>\n",
       "      <td>-0.0195</td>\n",
       "      <td>-0.0073</td>\n",
       "      <td>-0.0277</td>\n",
       "      <td>-0.0181</td>\n",
       "      <td>-0.0035</td>\n",
       "      <td>-0.0559</td>\n",
       "      <td>-0.0271</td>\n",
       "    </tr>\n",
       "    <tr>\n",
       "      <th>7</th>\n",
       "      <td>-0.0062</td>\n",
       "      <td>-0.0039</td>\n",
       "      <td>-0.0031</td>\n",
       "      <td>-0.0228</td>\n",
       "      <td>-0.0069</td>\n",
       "      <td>-0.0214</td>\n",
       "      <td>-0.0192</td>\n",
       "      <td>-0.0033</td>\n",
       "      <td>-0.0502</td>\n",
       "      <td>-0.0312</td>\n",
       "    </tr>\n",
       "    <tr>\n",
       "      <th>8</th>\n",
       "      <td>-0.0067</td>\n",
       "      <td>-0.0041</td>\n",
       "      <td>-0.0032</td>\n",
       "      <td>-0.0211</td>\n",
       "      <td>-0.0074</td>\n",
       "      <td>-0.0058</td>\n",
       "      <td>-0.0184</td>\n",
       "      <td>-0.0034</td>\n",
       "      <td>-0.0198</td>\n",
       "      <td>-0.0287</td>\n",
       "    </tr>\n",
       "    <tr>\n",
       "      <th>9</th>\n",
       "      <td>-0.0069</td>\n",
       "      <td>-0.0042</td>\n",
       "      <td>-0.0033</td>\n",
       "      <td>-0.0191</td>\n",
       "      <td>-0.0076</td>\n",
       "      <td>-0.0030</td>\n",
       "      <td>-0.0179</td>\n",
       "      <td>-0.0036</td>\n",
       "      <td>-0.0166</td>\n",
       "      <td>-0.0261</td>\n",
       "    </tr>\n",
       "    <tr>\n",
       "      <th>10</th>\n",
       "      <td>-0.0071</td>\n",
       "      <td>-0.0041</td>\n",
       "      <td>-0.0030</td>\n",
       "      <td>-0.0143</td>\n",
       "      <td>-0.0083</td>\n",
       "      <td>-0.0118</td>\n",
       "      <td>-0.0162</td>\n",
       "      <td>-0.0039</td>\n",
       "      <td>-0.0353</td>\n",
       "      <td>-0.0198</td>\n",
       "    </tr>\n",
       "    <tr>\n",
       "      <th>11</th>\n",
       "      <td>-0.0060</td>\n",
       "      <td>-0.0034</td>\n",
       "      <td>-0.0025</td>\n",
       "      <td>-0.0181</td>\n",
       "      <td>-0.0082</td>\n",
       "      <td>-0.0046</td>\n",
       "      <td>-0.0160</td>\n",
       "      <td>-0.0039</td>\n",
       "      <td>-0.0209</td>\n",
       "      <td>-0.0252</td>\n",
       "    </tr>\n",
       "    <tr>\n",
       "      <th>12</th>\n",
       "      <td>-0.0073</td>\n",
       "      <td>-0.0044</td>\n",
       "      <td>-0.0033</td>\n",
       "      <td>-0.0175</td>\n",
       "      <td>-0.0074</td>\n",
       "      <td>-0.0209</td>\n",
       "      <td>-0.0182</td>\n",
       "      <td>-0.0035</td>\n",
       "      <td>-0.0449</td>\n",
       "      <td>-0.0246</td>\n",
       "    </tr>\n",
       "    <tr>\n",
       "      <th>13</th>\n",
       "      <td>-0.0063</td>\n",
       "      <td>-0.0041</td>\n",
       "      <td>-0.0032</td>\n",
       "      <td>-0.0230</td>\n",
       "      <td>-0.0067</td>\n",
       "      <td>-0.0177</td>\n",
       "      <td>-0.0195</td>\n",
       "      <td>-0.0031</td>\n",
       "      <td>-0.0322</td>\n",
       "      <td>-0.0314</td>\n",
       "    </tr>\n",
       "    <tr>\n",
       "      <th>14</th>\n",
       "      <td>-0.0068</td>\n",
       "      <td>-0.0042</td>\n",
       "      <td>-0.0033</td>\n",
       "      <td>-0.0230</td>\n",
       "      <td>-0.0071</td>\n",
       "      <td>-0.0013</td>\n",
       "      <td>-0.0193</td>\n",
       "      <td>-0.0033</td>\n",
       "      <td>-0.0233</td>\n",
       "      <td>-0.0310</td>\n",
       "    </tr>\n",
       "    <tr>\n",
       "      <th>15</th>\n",
       "      <td>-0.0061</td>\n",
       "      <td>-0.0037</td>\n",
       "      <td>-0.0029</td>\n",
       "      <td>-0.0230</td>\n",
       "      <td>-0.0074</td>\n",
       "      <td>-0.0083</td>\n",
       "      <td>-0.0184</td>\n",
       "      <td>-0.0034</td>\n",
       "      <td>-0.0323</td>\n",
       "      <td>-0.0312</td>\n",
       "    </tr>\n",
       "    <tr>\n",
       "      <th>16</th>\n",
       "      <td>-0.0059</td>\n",
       "      <td>-0.0037</td>\n",
       "      <td>-0.0028</td>\n",
       "      <td>-0.0198</td>\n",
       "      <td>-0.0072</td>\n",
       "      <td>-0.0271</td>\n",
       "      <td>-0.0179</td>\n",
       "      <td>-0.0034</td>\n",
       "      <td>-0.0399</td>\n",
       "      <td>-0.0281</td>\n",
       "    </tr>\n",
       "    <tr>\n",
       "      <th>17</th>\n",
       "      <td>-0.0054</td>\n",
       "      <td>-0.0030</td>\n",
       "      <td>-0.0022</td>\n",
       "      <td>-0.0176</td>\n",
       "      <td>-0.0083</td>\n",
       "      <td>-0.0153</td>\n",
       "      <td>-0.0157</td>\n",
       "      <td>-0.0039</td>\n",
       "      <td>-0.0395</td>\n",
       "      <td>-0.0240</td>\n",
       "    </tr>\n",
       "    <tr>\n",
       "      <th>18</th>\n",
       "      <td>-0.0087</td>\n",
       "      <td>-0.0050</td>\n",
       "      <td>-0.0039</td>\n",
       "      <td>-0.0177</td>\n",
       "      <td>-0.0077</td>\n",
       "      <td>0.0036</td>\n",
       "      <td>-0.0185</td>\n",
       "      <td>-0.0036</td>\n",
       "      <td>-0.0060</td>\n",
       "      <td>-0.0246</td>\n",
       "    </tr>\n",
       "    <tr>\n",
       "      <th>19</th>\n",
       "      <td>-0.0089</td>\n",
       "      <td>-0.0054</td>\n",
       "      <td>-0.0042</td>\n",
       "      <td>-0.0190</td>\n",
       "      <td>-0.0072</td>\n",
       "      <td>0.0072</td>\n",
       "      <td>-0.0197</td>\n",
       "      <td>-0.0034</td>\n",
       "      <td>0.0014</td>\n",
       "      <td>-0.0261</td>\n",
       "    </tr>\n",
       "    <tr>\n",
       "      <th>20</th>\n",
       "      <td>-0.0076</td>\n",
       "      <td>-0.0043</td>\n",
       "      <td>-0.0032</td>\n",
       "      <td>-0.0138</td>\n",
       "      <td>-0.0083</td>\n",
       "      <td>-0.0061</td>\n",
       "      <td>-0.0162</td>\n",
       "      <td>-0.0039</td>\n",
       "      <td>-0.0224</td>\n",
       "      <td>-0.0189</td>\n",
       "    </tr>\n",
       "    <tr>\n",
       "      <th>21</th>\n",
       "      <td>-0.0071</td>\n",
       "      <td>-0.0043</td>\n",
       "      <td>-0.0034</td>\n",
       "      <td>-0.0230</td>\n",
       "      <td>-0.0070</td>\n",
       "      <td>-0.0032</td>\n",
       "      <td>-0.0194</td>\n",
       "      <td>-0.0032</td>\n",
       "      <td>-0.0108</td>\n",
       "      <td>-0.0315</td>\n",
       "    </tr>\n",
       "    <tr>\n",
       "      <th>22</th>\n",
       "      <td>-0.0060</td>\n",
       "      <td>-0.0034</td>\n",
       "      <td>-0.0025</td>\n",
       "      <td>-0.0177</td>\n",
       "      <td>-0.0081</td>\n",
       "      <td>-0.0132</td>\n",
       "      <td>-0.0162</td>\n",
       "      <td>-0.0038</td>\n",
       "      <td>-0.0310</td>\n",
       "      <td>-0.0247</td>\n",
       "    </tr>\n",
       "    <tr>\n",
       "      <th>23</th>\n",
       "      <td>-0.0067</td>\n",
       "      <td>-0.0042</td>\n",
       "      <td>-0.0034</td>\n",
       "      <td>-0.0203</td>\n",
       "      <td>-0.0068</td>\n",
       "      <td>-0.0262</td>\n",
       "      <td>-0.0192</td>\n",
       "      <td>-0.0033</td>\n",
       "      <td>-0.0518</td>\n",
       "      <td>-0.0279</td>\n",
       "    </tr>\n",
       "    <tr>\n",
       "      <th>24</th>\n",
       "      <td>-0.0049</td>\n",
       "      <td>-0.0028</td>\n",
       "      <td>-0.0021</td>\n",
       "      <td>-0.0196</td>\n",
       "      <td>-0.0081</td>\n",
       "      <td>-0.0142</td>\n",
       "      <td>-0.0160</td>\n",
       "      <td>-0.0039</td>\n",
       "      <td>-0.0451</td>\n",
       "      <td>-0.0276</td>\n",
       "    </tr>\n",
       "    <tr>\n",
       "      <th>25</th>\n",
       "      <td>-0.0063</td>\n",
       "      <td>-0.0036</td>\n",
       "      <td>-0.0027</td>\n",
       "      <td>-0.0166</td>\n",
       "      <td>-0.0080</td>\n",
       "      <td>-0.0191</td>\n",
       "      <td>-0.0162</td>\n",
       "      <td>-0.0038</td>\n",
       "      <td>-0.0310</td>\n",
       "      <td>-0.0234</td>\n",
       "    </tr>\n",
       "    <tr>\n",
       "      <th>26</th>\n",
       "      <td>-0.0064</td>\n",
       "      <td>-0.0038</td>\n",
       "      <td>-0.0029</td>\n",
       "      <td>-0.0193</td>\n",
       "      <td>-0.0076</td>\n",
       "      <td>-0.0140</td>\n",
       "      <td>-0.0174</td>\n",
       "      <td>-0.0036</td>\n",
       "      <td>-0.0309</td>\n",
       "      <td>-0.0269</td>\n",
       "    </tr>\n",
       "    <tr>\n",
       "      <th>27</th>\n",
       "      <td>-0.0081</td>\n",
       "      <td>-0.0048</td>\n",
       "      <td>-0.0037</td>\n",
       "      <td>-0.0170</td>\n",
       "      <td>-0.0073</td>\n",
       "      <td>-0.0168</td>\n",
       "      <td>-0.0186</td>\n",
       "      <td>-0.0035</td>\n",
       "      <td>-0.0404</td>\n",
       "      <td>-0.0240</td>\n",
       "    </tr>\n",
       "    <tr>\n",
       "      <th>28</th>\n",
       "      <td>-0.0074</td>\n",
       "      <td>-0.0048</td>\n",
       "      <td>-0.0039</td>\n",
       "      <td>-0.0239</td>\n",
       "      <td>-0.0063</td>\n",
       "      <td>-0.0104</td>\n",
       "      <td>-0.0209</td>\n",
       "      <td>-0.0029</td>\n",
       "      <td>-0.0167</td>\n",
       "      <td>-0.0327</td>\n",
       "    </tr>\n",
       "    <tr>\n",
       "      <th>29</th>\n",
       "      <td>-0.0051</td>\n",
       "      <td>-0.0028</td>\n",
       "      <td>-0.0021</td>\n",
       "      <td>-0.0176</td>\n",
       "      <td>-0.0083</td>\n",
       "      <td>-0.0176</td>\n",
       "      <td>-0.0151</td>\n",
       "      <td>-0.0039</td>\n",
       "      <td>-0.0291</td>\n",
       "      <td>-0.0247</td>\n",
       "    </tr>\n",
       "  </tbody>\n",
       "</table>\n",
       "</div>"
      ],
      "text/plain": [
       "        x1      x2      x3      x4      x5      x6      x7      x8      x9  \\\n",
       "0  -0.0076 -0.0049 -0.0039 -0.0216 -0.0066 -0.0108 -0.0203 -0.0031 -0.0205   \n",
       "1  -0.0083 -0.0048 -0.0037 -0.0155 -0.0079 -0.0014 -0.0177 -0.0037 -0.0128   \n",
       "2  -0.0068 -0.0042 -0.0032 -0.0202 -0.0071 -0.0167 -0.0186 -0.0034 -0.0282   \n",
       "3  -0.0077 -0.0044 -0.0034 -0.0200 -0.0078  0.0112 -0.0179 -0.0036  0.0088   \n",
       "4  -0.0075 -0.0043 -0.0032 -0.0169 -0.0081 -0.0009 -0.0171 -0.0038 -0.0161   \n",
       "5  -0.0065 -0.0037 -0.0028 -0.0172 -0.0083 -0.0029 -0.0164 -0.0039 -0.0252   \n",
       "6  -0.0063 -0.0038 -0.0029 -0.0195 -0.0073 -0.0277 -0.0181 -0.0035 -0.0559   \n",
       "7  -0.0062 -0.0039 -0.0031 -0.0228 -0.0069 -0.0214 -0.0192 -0.0033 -0.0502   \n",
       "8  -0.0067 -0.0041 -0.0032 -0.0211 -0.0074 -0.0058 -0.0184 -0.0034 -0.0198   \n",
       "9  -0.0069 -0.0042 -0.0033 -0.0191 -0.0076 -0.0030 -0.0179 -0.0036 -0.0166   \n",
       "10 -0.0071 -0.0041 -0.0030 -0.0143 -0.0083 -0.0118 -0.0162 -0.0039 -0.0353   \n",
       "11 -0.0060 -0.0034 -0.0025 -0.0181 -0.0082 -0.0046 -0.0160 -0.0039 -0.0209   \n",
       "12 -0.0073 -0.0044 -0.0033 -0.0175 -0.0074 -0.0209 -0.0182 -0.0035 -0.0449   \n",
       "13 -0.0063 -0.0041 -0.0032 -0.0230 -0.0067 -0.0177 -0.0195 -0.0031 -0.0322   \n",
       "14 -0.0068 -0.0042 -0.0033 -0.0230 -0.0071 -0.0013 -0.0193 -0.0033 -0.0233   \n",
       "15 -0.0061 -0.0037 -0.0029 -0.0230 -0.0074 -0.0083 -0.0184 -0.0034 -0.0323   \n",
       "16 -0.0059 -0.0037 -0.0028 -0.0198 -0.0072 -0.0271 -0.0179 -0.0034 -0.0399   \n",
       "17 -0.0054 -0.0030 -0.0022 -0.0176 -0.0083 -0.0153 -0.0157 -0.0039 -0.0395   \n",
       "18 -0.0087 -0.0050 -0.0039 -0.0177 -0.0077  0.0036 -0.0185 -0.0036 -0.0060   \n",
       "19 -0.0089 -0.0054 -0.0042 -0.0190 -0.0072  0.0072 -0.0197 -0.0034  0.0014   \n",
       "20 -0.0076 -0.0043 -0.0032 -0.0138 -0.0083 -0.0061 -0.0162 -0.0039 -0.0224   \n",
       "21 -0.0071 -0.0043 -0.0034 -0.0230 -0.0070 -0.0032 -0.0194 -0.0032 -0.0108   \n",
       "22 -0.0060 -0.0034 -0.0025 -0.0177 -0.0081 -0.0132 -0.0162 -0.0038 -0.0310   \n",
       "23 -0.0067 -0.0042 -0.0034 -0.0203 -0.0068 -0.0262 -0.0192 -0.0033 -0.0518   \n",
       "24 -0.0049 -0.0028 -0.0021 -0.0196 -0.0081 -0.0142 -0.0160 -0.0039 -0.0451   \n",
       "25 -0.0063 -0.0036 -0.0027 -0.0166 -0.0080 -0.0191 -0.0162 -0.0038 -0.0310   \n",
       "26 -0.0064 -0.0038 -0.0029 -0.0193 -0.0076 -0.0140 -0.0174 -0.0036 -0.0309   \n",
       "27 -0.0081 -0.0048 -0.0037 -0.0170 -0.0073 -0.0168 -0.0186 -0.0035 -0.0404   \n",
       "28 -0.0074 -0.0048 -0.0039 -0.0239 -0.0063 -0.0104 -0.0209 -0.0029 -0.0167   \n",
       "29 -0.0051 -0.0028 -0.0021 -0.0176 -0.0083 -0.0176 -0.0151 -0.0039 -0.0291   \n",
       "\n",
       "       x10  \n",
       "0  -0.0294  \n",
       "1  -0.0219  \n",
       "2  -0.0280  \n",
       "3  -0.0278  \n",
       "4  -0.0235  \n",
       "5  -0.0236  \n",
       "6  -0.0271  \n",
       "7  -0.0312  \n",
       "8  -0.0287  \n",
       "9  -0.0261  \n",
       "10 -0.0198  \n",
       "11 -0.0252  \n",
       "12 -0.0246  \n",
       "13 -0.0314  \n",
       "14 -0.0310  \n",
       "15 -0.0312  \n",
       "16 -0.0281  \n",
       "17 -0.0240  \n",
       "18 -0.0246  \n",
       "19 -0.0261  \n",
       "20 -0.0189  \n",
       "21 -0.0315  \n",
       "22 -0.0247  \n",
       "23 -0.0279  \n",
       "24 -0.0276  \n",
       "25 -0.0234  \n",
       "26 -0.0269  \n",
       "27 -0.0240  \n",
       "28 -0.0327  \n",
       "29 -0.0247  "
      ]
     },
     "execution_count": 3,
     "metadata": {},
     "output_type": "execute_result"
    }
   ],
   "source": [
    "synthethic_dataset.data"
   ]
  },
  {
   "cell_type": "code",
   "execution_count": 5,
   "id": "256291b1-68aa-4316-9425-7d11d99994af",
   "metadata": {},
   "outputs": [
    {
     "data": {
      "text/plain": [
       "array([[ 1.00000000e+00,  9.46442620e-01,  8.96279031e-01,\n",
       "        -1.59170647e-01, -1.82512117e-01, -5.87383508e-01,\n",
       "         3.90969070e-01, -2.09355757e-01, -6.62837721e-01,\n",
       "        -1.51501658e-01],\n",
       "       [ 9.46442620e-01,  1.00000000e+00,  9.90474363e-01,\n",
       "         1.32937259e-01, -4.85071250e-01, -4.68953357e-01,\n",
       "         6.59139301e-01, -5.06955783e-01, -5.87218585e-01,\n",
       "         1.39827261e-01],\n",
       "       [ 8.96279031e-01,  9.90474363e-01,  1.00000000e+00,\n",
       "         2.59701152e-01, -5.94732585e-01, -4.25962143e-01,\n",
       "         7.50371984e-01, -6.13074949e-01, -5.59052760e-01,\n",
       "         2.67584778e-01],\n",
       "       [-1.59170647e-01,  1.32937259e-01,  2.59701152e-01,\n",
       "         1.00000000e+00, -8.63182472e-01,  7.24155865e-02,\n",
       "         8.09766365e-01, -8.73651354e-01,  2.73042407e-03,\n",
       "         9.96900068e-01],\n",
       "       [-1.82512117e-01, -4.85071250e-01, -5.94732585e-01,\n",
       "        -8.63182472e-01,  1.00000000e+00, -1.67906147e-01,\n",
       "        -9.64507549e-01,  9.94134847e-01, -2.32288661e-16,\n",
       "        -8.70707025e-01],\n",
       "       [-5.87383508e-01, -4.68953357e-01, -4.25962143e-01,\n",
       "         7.24155865e-02, -1.67906147e-01,  1.00000000e+00,\n",
       "        -5.87136031e-02, -1.10946523e-01,  9.15498061e-01,\n",
       "         7.99825974e-02],\n",
       "       [ 3.90969070e-01,  6.59139301e-01,  7.50371984e-01,\n",
       "         8.09766365e-01, -9.64507549e-01, -5.87136031e-02,\n",
       "         1.00000000e+00, -9.73832605e-01, -1.86013985e-01,\n",
       "         8.12577726e-01],\n",
       "       [-2.09355757e-01, -5.06955783e-01, -6.13074949e-01,\n",
       "        -8.73651354e-01,  9.94134847e-01, -1.10946523e-01,\n",
       "        -9.73832605e-01,  1.00000000e+00,  5.20366929e-02,\n",
       "        -8.76471155e-01],\n",
       "       [-6.62837721e-01, -5.87218585e-01, -5.59052760e-01,\n",
       "         2.73042407e-03, -2.32288661e-16,  9.15498061e-01,\n",
       "        -1.86013985e-01,  5.20366929e-02,  1.00000000e+00,\n",
       "        -6.01366507e-03],\n",
       "       [-1.51501658e-01,  1.39827261e-01,  2.67584778e-01,\n",
       "         9.96900068e-01, -8.70707025e-01,  7.99825974e-02,\n",
       "         8.12577726e-01, -8.76471155e-01, -6.01366507e-03,\n",
       "         1.00000000e+00]])"
      ]
     },
     "execution_count": 5,
     "metadata": {},
     "output_type": "execute_result"
    }
   ],
   "source": [
    "original_data.data.corr().values"
   ]
  },
  {
   "cell_type": "code",
   "execution_count": 4,
   "id": "90f0b035-ba57-43e2-a999-dd7fa8174835",
   "metadata": {},
   "outputs": [
    {
     "data": {
      "text/plain": [
       "array([[ 1.        ,  0.95392017,  0.91282215, -0.17019556, -0.23598107,\n",
       "        -0.55600735,  0.49679607, -0.26461857, -0.59312091, -0.18689232],\n",
       "       [ 0.95392017,  1.        ,  0.98901025,  0.07457547, -0.50435534,\n",
       "        -0.42689327,  0.71960459, -0.52523837, -0.50381391,  0.05744586],\n",
       "       [ 0.91282215,  0.98901025,  1.        ,  0.19454173, -0.59773023,\n",
       "        -0.39933508,  0.79615456, -0.61809825, -0.48405761,  0.17671152],\n",
       "       [-0.17019556,  0.07457547,  0.19454173,  1.        , -0.79082974,\n",
       "         0.06927568,  0.71412436, -0.82045196,  0.00397072,  0.99595726],\n",
       "       [-0.23598107, -0.50435534, -0.59773023, -0.79082974,  1.        ,\n",
       "        -0.2238011 , -0.94473542,  0.98405447, -0.06761837, -0.79266368],\n",
       "       [-0.55600735, -0.42689327, -0.39933508,  0.06927568, -0.2238011 ,\n",
       "         1.        , -0.06237163, -0.1202931 ,  0.91080356,  0.10325544],\n",
       "       [ 0.49679607,  0.71960459,  0.79615456,  0.71412436, -0.94473542,\n",
       "        -0.06237163,  1.        , -0.95405342, -0.16882763,  0.70392358],\n",
       "       [-0.26461857, -0.52523837, -0.61809825, -0.82045196,  0.98405447,\n",
       "        -0.1202931 , -0.95405342,  1.        ,  0.04163627, -0.81628094],\n",
       "       [-0.59312091, -0.50381391, -0.48405761,  0.00397072, -0.06761837,\n",
       "         0.91080356, -0.16882763,  0.04163627,  1.        ,  0.02336168],\n",
       "       [-0.18689232,  0.05744586,  0.17671152,  0.99595726, -0.79266368,\n",
       "         0.10325544,  0.70392358, -0.81628094,  0.02336168,  1.        ]])"
      ]
     },
     "execution_count": 4,
     "metadata": {},
     "output_type": "execute_result"
    }
   ],
   "source": [
    "synthethic_dataset.data.corr().values"
   ]
  },
  {
   "cell_type": "code",
   "execution_count": null,
   "id": "816e40d1-8843-443c-926f-ef05843633e0",
   "metadata": {},
   "outputs": [],
   "source": []
  }
 ],
 "metadata": {
  "kernelspec": {
   "display_name": "Python 3 (ipykernel)",
   "language": "python",
   "name": "python3"
  },
  "language_info": {
   "codemirror_mode": {
    "name": "ipython",
    "version": 3
   },
   "file_extension": ".py",
   "mimetype": "text/x-python",
   "name": "python",
   "nbconvert_exporter": "python",
   "pygments_lexer": "ipython3",
   "version": "3.12.9"
  }
 },
 "nbformat": 4,
 "nbformat_minor": 5
}
